514
426
377
235
136
560
189
285
223
956
174
172
694
721
92
852
593
787
181
383
45
287
755
560
540
980
313
7
143
800
882
597
905
983
446
305
653
633
474
404
236
936
832
989
840
682
547
193
748
759
367
919
258
879
670
181
195
12
472
307
347
87
537
17
399
339
777
103
442
405
632
983
869
761
198
794
876
803
525
42
303
236
807
441
21
446
116
668
423
529
693
625
52
24
78
340
877
555
446
256
638
898
771
514
200
140
102
116
591
989
822
178
356
346
221
117
551
752
282
662
702
952
311
974
158
139
828
656
460
766
341
417
568
396
711
858
283
926
779
696
240
708
361
313
465
826
19
672
717
98
520
111
63
223
393
55
516
703
11
942
615
161
504
903
507
316
615
18
23
914
296
77
476
905
299
76
790
991
410
932
503
839
824
379
497
272
67
19
361
337
325
510
174
549
484
507
433
421
594
689
873
228
17
337
509
352
751
926
802
440
118
716
714
403
742
611
342
767
302
956
283
786
117
230
732
793
603
823
653
83
221
221
960
142
468
899
669
779
761
802
51
924
722
297
965
347
579
506
626
911
44
402
124
309
869
333
970
43
110
766
741
107
760
380
308
848
341
947
499
159
456
691
422
637
846
512
834
812
379
940
24
147
485
735
773
585
930
943
899
432
82
386
658
199
156
168
938
621
424
652
828
630
795
82
753
729
370
100
580
888
108
606
456
694
79
696
429
513
228
239
438
227
166
941
897
654
896
528
200
935
362
407
928
941
912
480
646
870
314
728
912
105
119
833
199
226
443
905
579
122
64
163
137
321
543
226
73
556
316
842
785
629
716
211
867
326
86
302
442
353
542
531
201
837
138
765
329
314
390
165
517
214
231
390
735
431
971
883
405
152
331
344
311
423
792
171
909
944
857
198
221
673
730
582
148
449
429
769
878
672
430
970
766
822
954
839
852
100
453
80
636
796
722
931
465
748
545
177
546
257
211
127
739
710
143
410
108
809
8
12
345
511
664
897
134
117
87
543
677
470
476
584
27
700
50
149
574
64
814
23
425
426
168
165
514
941
22
495
429
54
932
309
427
112
980
349
60
30
488
931
660
187
464
492
107
666
216
896
149
912
884
339
393
686
679
822
290
516
672
672
